41
-1.0 0.038461538461538464
-0.95 0.042440318302387266
-0.9 0.047058823529411764
-0.85 0.05245901639344263
-0.8 0.05882352941176469
-0.75 0.06639004149377593
-0.7 0.07547169811320756
-0.6499999999999999 0.08648648648648652
-0.6 0.1
-0.55 0.11678832116788321
-0.5 0.13793103448275862
-0.44999999999999996 0.16494845360824745
-0.3999999999999999 0.20000000000000007
-0.35 0.24615384615384617
-0.29999999999999993 0.3076923076923078
-0.25 0.3902439024390244
-0.19999999999999996 0.5000000000000001
-0.1499999999999999 0.6400000000000002
-0.09999999999999998 0.8
-0.04999999999999993 0.9411764705882355
0.0 1.0
0.050000000000000044 0.9411764705882353
0.10000000000000009 0.7999999999999997
0.15000000000000013 0.6399999999999997
0.20000000000000018 0.49999999999999956
0.25 0.3902439024390244
0.30000000000000004 0.30769230769230765
0.3500000000000001 0.24615384615384606
0.40000000000000013 0.1999999999999999
0.4500000000000002 0.16494845360824734
0.5 0.13793103448275862
0.55 0.11678832116788321
0.6000000000000001 0.09999999999999998
0.6500000000000001 0.08648648648648646
0.7000000000000002 0.0754716981132075
0.75 0.06639004149377593
0.8 0.05882352941176469
0.8500000000000001 0.052459016393442616
0.9000000000000001 0.04705882352941175
0.9500000000000002 0.04244031830238725
1.0 0.038461538461538464

0.07396449704142012 -0.07396449704142012
