0.0384615 0.0739645 0.10516 0.139084 
0.0403785 0.0794833 0.115591 0.156378 
0.0424403 0.085556 0.127319 0.176366 
0.0446615 0.0922527 0.140547 0.199404 
0.0470588 0.0996539 0.155502 0.226073 
0.0496509 0.107853 0.172458 0.257027 
0.052459 0.116958 0.191735 0.293072 
0.0555074 0.127094 0.213715 0.335177 
0.0588235 0.138408 0.238853 0.384522 
0.062439 0.151072 0.267692 0.442542 
0.06639 0.165286 0.300883 0.510993 
0.0707182 0.181288 0.339208 0.592019 
0.0754717 0.199359 0.383609 0.688251 
0.0807062 0.21983 0.435228 0.802918 
0.0864865 0.243097 0.495447 0.93998 
0.0928882 0.269631 0.565945 1.10429 
0.1 0.299999 0.648767 1.30179 
0.107926 0.334878 0.746402 1.53969 
0.116788 0.375085 0.861878 1.82666 
0.126733 0.421604 0.998878 2.17299 
0.137931 0.475623 1.16185 2.59052 
0.150588 0.538572 1.35614 3.09231 
0.164948 0.612178 1.58806 3.69155 
0.181303 0.698503 1.86493 4.39922 
0.2 0.799998 2.19487 5.21924 
0.221453 0.919527 2.58632 6.13942 
0.246154 1.06035 3.04677 7.11491 
0.274678 1.22603 3.58039 8.0393 
0.307692 1.42013 4.18334 8.69662 
0.345946 1.6456 4.83558 8.6863 
0.390244 1.90367 5.48706 7.3187 
0.441379 2.19174 6.03596 3.50003 
0.5 2.5001 6.29846 -4.31338 
0.566372 2.80694 5.97496 -17.8852 
0.64 3.07215 4.63357 -38.3111 
0.719101 3.232 1.76024 -64.0738 
0.8 3.19987 -3.0453 -88.3889 
0.876712 2.88187 -9.67447 -98.3154 
0.941176 2.21381 -17.0481 -80.08 
0.984615 1.21125 -23.0541 -31.2252 
1 1.22125e-15 -25.396 31.2252 
0.984615 -1.21125 -23.0541 80.08 
0.941176 -2.21381 -17.0481 98.3154 
0.876712 -2.88187 -9.67447 88.3889 
0.8 -3.19987 -3.0453 64.0738 
0.719101 -3.232 1.76024 38.3111 
0.64 -3.07215 4.63357 17.8852 
0.566372 -2.80694 5.97496 4.31338 
0.5 -2.5001 6.29846 -3.50003 
0.441379 -2.19174 6.03596 -7.3187 
0.390244 -1.90367 5.48706 -8.6863 
0.345946 -1.6456 4.83558 -8.69662 
0.307692 -1.42013 4.18334 -8.0393 
0.274678 -1.22603 3.58039 -7.11491 
0.246154 -1.06035 3.04677 -6.13942 
0.221453 -0.919527 2.58632 -5.21924 
0.2 -0.799998 2.19487 -4.39922 
0.181303 -0.698503 1.86493 -3.69155 
0.164948 -0.612178 1.58806 -3.09231 
0.150588 -0.538572 1.35614 -2.59052 
0.137931 -0.475623 1.16185 -2.17299 
0.126733 -0.421604 0.998878 -1.82666 
0.116788 -0.375085 0.861878 -1.53969 
0.107926 -0.334878 0.746402 -1.30179 
0.1 -0.299999 0.648767 -1.10429 
0.0928882 -0.269631 0.565945 -0.93998 
0.0864865 -0.243097 0.495447 -0.802918 
0.0807062 -0.21983 0.435228 -0.688251 
0.0754717 -0.199359 0.383609 -0.592019 
0.0707182 -0.181288 0.339208 -0.510993 
0.06639 -0.165286 0.300883 -0.442542 
0.062439 -0.151072 0.267692 -0.384522 
0.0588235 -0.138408 0.238853 -0.335177 
0.0555074 -0.127094 0.213715 -0.293072 
0.052459 -0.116958 0.191735 -0.257027 
0.0496509 -0.107853 0.172458 -0.226073 
0.0470588 -0.0996539 0.155502 -0.199404 
0.0446615 -0.0922527 0.140547 -0.176366 
0.0424403 -0.085556 0.127319 -0.156378 
0.0403785 -0.0794833 0.115591 -0.139084 
