0.0384615 0.0739645 0.103622 0.164613 
0.0470588 0.0996273 0.153006 0.271911 
0.0588235 0.138386 0.234579 0.463786 
0.0754717 0.199215 0.373715 0.869615 
0.1 0.300047 0.6346 1.58035 
0.137931 0.474377 1.10871 3.54417 
0.2 0.802444 2.17196 5.72836 
0.307692 1.40869 3.89047 12.5344 
0.5 2.56281 7.65079 -32.7891 
0.8 3.1093 -2.18594 -89.0703 
1 -4.44089e-16 -28.907 89.0703 
0.8 -3.1093 -2.18594 32.7891 
0.5 -2.56281 7.65079 -12.5344 
0.307692 -1.40869 3.89047 -5.72836 
0.2 -0.802444 2.17196 -3.54417 
0.137931 -0.474377 1.10871 -1.58035 
0.1 -0.300047 0.6346 -0.869615 
0.0754717 -0.199215 0.373715 -0.463786 
0.0588235 -0.138386 0.234579 -0.271911 
0.0470588 -0.0996273 0.153006 -0.164613 
