0.0384615 0.0739645 0.104857 0.147309 
0.0424403 0.085555 0.126953 0.186998 
0.0470588 0.0996527 0.155003 0.240399 
0.052459 0.116956 0.191062 0.312468 
0.0588235 0.138406 0.237933 0.41116 
0.06639 0.165283 0.299607 0.548056 
0.0754717 0.199354 0.381815 0.740515 
0.0864865 0.243089 0.492892 1.01463 
0.1 0.299988 0.645087 1.40962 
0.116788 0.375069 0.85653 1.98356 
0.137931 0.475599 1.15406 2.81865 
0.164948 0.612145 1.57686 4.01722 
0.2 0.79996 2.17944 5.65783 
0.246154 1.06034 3.02812 7.60997 
0.307692 1.42023 4.16961 8.93044 
0.390244 1.90416 5.50918 6.19921 
0.5 2.50158 6.43906 -9.41209 
0.64 3.07489 5.02725 -50.5021 
0.8 3.19885 -2.54806 -99.1679 
0.941176 2.20029 -17.4232 -61.0617 
1 0 -26.5825 61.0617 
0.941176 -2.20029 -17.4232 99.1679 
0.8 -3.19885 -2.54806 50.5021 
0.64 -3.07489 5.02725 9.41209 
0.5 -2.50158 6.43906 -6.19921 
0.390244 -1.90416 5.50918 -8.93044 
0.307692 -1.42023 4.16961 -7.60997 
0.246154 -1.06034 3.02812 -5.65783 
0.2 -0.79996 2.17944 -4.01722 
0.164948 -0.612145 1.57686 -2.81865 
0.137931 -0.475599 1.15406 -1.98356 
0.116788 -0.375069 0.85653 -1.40962 
0.1 -0.299988 0.645087 -1.01463 
0.0864865 -0.243089 0.492892 -0.740515 
0.0754717 -0.199354 0.381815 -0.548056 
0.06639 -0.165283 0.299607 -0.41116 
0.0588235 -0.138406 0.237933 -0.312468 
0.052459 -0.116956 0.191062 -0.240399 
0.0470588 -0.0996527 0.155003 -0.186998 
0.0424403 -0.085555 0.126953 -0.147309 
