161
0.0 1.1757821969969349
0.01619764104755392 1.2549084035259725
0.025124432383895504 1.2946027147793702
0.03249563677183666 1.3250227685156486
0.03909374454555541 1.3504862356490572
0.04521659342842152 1.3726971639193448
0.051013291263410206 1.3925369198660662
0.05657026114086639 1.410531550649563
0.061942505410708726 1.4270247415766175
0.0671674059383452 1.4422555520256382
0.07227164587274934 1.4563980998797903
0.07727501381398681 1.4695837496992976
0.08219264423306802 1.4819143991860593
0.08703641061919283 1.4934708743305596
0.09181583070095468 1.504318468589187
0.09653867642047759 1.5145107302902359
0.10121139776049802 1.5240921307623403
0.10583942506984859 1.5330999922424386
0.11042738969487567 1.5415659115944529
0.11497928825387407 1.549516831713456
0.11949860715194247 1.5569758611610038
0.12398841848694594 1.5639629102757184
0.1284514550078437 1.5704951911088645
0.1328901694958405 1.5765876146854503
0.13730678240176736 1.5822531097094699
0.14170332052142998 1.5875028803502635
0.14608164875833338 1.5923466161885558
0.15044349650507777 1.5967926641422157
0.15479047980288974 1.600848169827221
0.15912412016846247 1.6045191940692547
0.16344586077855308 1.6078108089837677
0.16775708055523716 1.610727177062364
0.1720591065842665 1.613271615953832
0.1763532252157896 1.615446651047643
0.1806406921338228 1.61725405751204
0.18492274163335015 1.6186948930759535
0.18920059530823097 1.619769522550234
0.19347547032664666 1.620477634841346
0.19774858745179608 1.6208182530062338
0.20202117895265032 1.6207897377199434
0.20629449654192583 1.6203897843692965
0.210569819475461 1.619615413839354
0.2148484629486009 1.618462956918375
0.21913178693095337 1.6169280321057518
0.2234212055911529 1.6150055164603172
0.2277181974784751 1.6126895089675868
0.23202431664895495 1.6099732857273654
0.23634120495106276 1.6068492460601231
0.24067060572135002 1.6033088483924303
0.24501437918564387 1.5993425344971097
0.24937451991883153 1.594939640318108
0.25375317678937703 1.5900882911844891
0.2581526759079375 1.584775278687672
0.26257554721886717 1.5789859158279875
0.2670245555272746 1.5727038661862176
0.2715027369539989 1.5659109417820933
0.2760134420721428 1.558586862860673
0.28056038732377886 1.5507089709813644
0.2851477167755502 1.5422518843064261
0.289780076892373 1.533187080656503
0.29446270785543044 1.523482389370983
0.2992015561222268 1.5131013667633786
0.3040034145708188 1.5020025212168868
0.3088760989154157 1.4901383415250304
0.31382867248450985 1.4774540640684521
0.318871736491315 1.4638860878169084
0.3240178105488936 1.4493599059929831
0.3292818399995396 1.4337873611263376
0.3346818854607688 1.417062931467691
0.3402400809622875 1.3990585946721146
0.34598399985905415 1.3796165389383654
0.3519486616189718 1.3585385025465666
0.35817958807033023 1.335569610534638
0.36473766565506116 1.3103727724650758
0.37170731210618574 1.2824858657483533
0.3792111785456336 1.2512449818763725
0.3874391734983541 1.2156335398448523
0.3967136849759594 1.1739446317705675
0.4076683649928708 1.1228593187912825
0.4219515679311124 1.0538355055264736
0.45705430035803213 0.877382661252712
0.4943129338670049 0.6899344448839155
0.5106940257862289 0.609845458206373
0.5237017965138936 0.5476238532182652
0.5349868671265057 0.49472614536261617
0.5451846306593516 0.4478319607778556
0.5546190132197192 0.4052329086140956
0.563481332489775 0.36591087465784866
0.5718955473395021 0.3292003645333834
0.5799472959248779 0.29463761455778703
0.5876986068304904 0.26188383524388714
0.5951960724988246 0.23068239171704863
0.6024757170031129 0.200833198385202
0.6095660570470928 0.17217655231294526
0.6164901129645601 0.14458246923438495
0.6232667784260921 0.11794339092652158
0.6299117820242055 0.0921690448650135
0.6364383799697126 0.06718272632649154
0.6428578663077785 0.042918548822114655
0.6491799560823824 0.019319370804049253
0.655413078040281 -0.0036647946567529566
0.661564601645184 -0.02607801841873858
0.6676410155479214 -0.04795943309232712
0.6736480696179803 -0.06934401458753628
0.6795908892363446 -0.09026321382823443
0.6854740682032362 -0.1107454726397751
0.6913017449688945 -0.13081664907787852
0.6970776657229432 -0.1505003712260562
0.7028052370299899 -0.16981833396711848
0.708487570077768 -0.1887905499142152
0.714127518143226 -0.20743556321944245
0.7197277085362515 -0.22577063312402662
0.7252905700187433 -0.24381189270701467
0.7308183564963762 -0.26157448721189464
0.736313167625891 -0.2790726954989261
0.7417769668607141 -0.2963200375247646
0.7472115973638777 -0.3133293702461747
0.752618796143538 -0.33011297394892847
0.7580002067083351 -0.3466826306924201
0.76335739049408 -0.3630496963173283
0.7686918372772996 -0.37922516727457345
0.7740049747631355 -0.3952197433890861
0.779298177513621 -0.4110438875643204
0.7845727753664437 -0.4267078833579907
0.789830061483248 -0.4422218913128052
0.7950713001599208 -0.4575960049061616
0.8002977345289204 -0.4728403069893657
0.8055105942855926 -0.48796492762077515
0.8107111035768183 -0.5029801042606785
0.815900489201783 -0.5178962453926408
0.8210799892919749 -0.5327239987724424
0.8262508626619525 -0.5474743256901446
0.8314143990557166 -0.5621585828750573
0.8365719305581344 -0.5767886139938332
0.8417248445002226 -0.5913768531110936
0.8468745982659934 -0.605936443031017
0.8520227365137236 -0.620481372160562
0.8571709114654853 -0.6350266344913407
0.8623209071092729 -0.649588418574131
0.8674746684179511 -0.6641843330820922
0.8726343370478444 -0.678833678907564
0.8778022954808695 -0.6935577809820082
0.8829812222843362 -0.7083803975549152
0.8881741621851982 -0.7233282311383755
0.8933846161540873 -0.7384315746964125
0.8986166589335624 -0.7537251404989529
0.9038750948640477 -0.769249139947108
0.9091656682105053 -0.7850507149713242
0.9144953527963119 -0.8011858729270145
0.9198727600268853 -0.817722161063291
0.9253087289408888 -0.834742459661425
0.9308172059616676 -0.8523505263718869
0.9364166049623087 -0.8706793959792988
0.9421320039287533 -0.8899046709707981
0.9479988900302371 -0.910266713321753
0.9540699996133333 -0.9321103320728383
0.9604290020429883 -0.9559625219476008
0.9672215923067551 -0.9827054231341502
0.9747412734119497 -1.014043684938441
0.9837648574946023 -1.0542954091773251
1.0 -1.1336184948613564

10.540540633650988 10.541310434138207