41
0.0 0.001
0.03859669516053426 0.08755254037844387
0.061469382838954326 0.17410508075688774
0.08175866954988702 0.26065762113533164
0.10081906527822819 0.3472101615137755
0.11914825633032952 0.4337627018922193
0.1369982363448069 0.5203152422706633
0.15452344303578266 0.6068677826491071
0.17183328573735213 0.693420323027551
0.1890157406380379 0.7799728634059948
0.20615041726007907 0.8665254037844387
0.2233177753315234 0.9530779441628826
0.24060776270422315 1.0396304845413264
0.2581304165486866 1.1261830249197702
0.27603180009643535 1.2127355652982141
0.2945216959148849 1.2992881056766579
0.31392811843406393 1.3858406460551018
0.3348209332053034 1.4723931864335458
0.35835486520197624 1.5589457268119895
0.38763472088868206 1.6454982671904335
0.4567534429079191 1.7320508075688772
0.5344190484128415 1.6454982671904332
0.5713964349348198 1.5589457268119895
0.6020452840990096 1.4723931864335456
0.6295466998108914 1.3858406460551018
0.6551104135067845 1.2992881056766579
0.6793483063886591 1.212735565298214
0.7026208905795437 1.12618302491977
0.7251629953907166 1.0396304845413262
0.7471396292644191 0.9530779441628824
0.768674553757921 0.8665254037844385
0.7898667474395209 0.7799728634059946
0.810801229216668 0.6934203230275506
0.8315576105016608 0.6068677826491069
0.8522188561254757 0.520315242270663
0.8728833676745106 0.4337627018922192
0.8936867246696557 0.34721016151377526
0.9148507122239979 0.2606576211353313
0.9368243768659488 0.17410508075688758
0.9608788088158488 0.08755254037844362
1.0 0.001

1 1