41
0.0 1.1757821969969349
0.03859669516053426 1.3504862356490572
0.061469382838954326 1.4270247415766175
0.08175866954988702 1.4819143991860593
0.10081906527822819 1.5240921307623403
0.11914825633032952 1.5569758611610038
0.1369982363448069 1.5822531097094699
0.15452344303578266 1.600848169827221
0.17183328573735213 1.613271615953832
0.1890157406380379 1.619769522550234
0.20615041726007907 1.6203897843692965
0.2233177753315234 1.6150055164603172
0.24060776270422315 1.6033088483924303
0.2581304165486866 1.584775278687672
0.27603180009643535 1.558586862860673
0.2945216959148849 1.523482389370983
0.31392811843406393 1.4774540640684521
0.3348209332053034 1.417062931467691
0.35835486520197624 1.335569610534638
0.38763472088868206 1.2156335398448523
0.4567534429079191 0.877382661252712
0.5344190484128415 0.49472614536261617
0.5713964349348198 0.3292003645333834
0.6020452840990096 0.200833198385202
0.6295466998108914 0.0921690448650135
0.6551104135067845 -0.0036647946567529566
0.6793483063886591 -0.09026321382823443
0.7026208905795437 -0.16981833396711848
0.7251629953907166 -0.24381189270701467
0.7471396292644191 -0.3133293702461747
0.768674553757921 -0.37922516727457345
0.7898667474395209 -0.4422218913128052
0.810801229216668 -0.5029801042606785
0.8315576105016608 -0.5621585828750573
0.8522188561254757 -0.620481372160562
0.8728833676745106 -0.678833678907564
0.8936867246696557 -0.7384315746964125
0.9148507122239979 -0.8011858729270145
0.9368243768659488 -0.8706793959792988
0.9608788088158488 -0.9559625219476008
1.0 -1.1336184948613564

10.540540633650988 10.541310434138207