161
0.0 0.001
0.01619764104755392 0.02263813509461097
0.025124432383895504 0.044276270189221936
0.03249563677183666 0.06591440528383291
0.03909374454555541 0.08755254037844387
0.04521659342842152 0.10919067547305483
0.051013291263410206 0.13082881056766582
0.05657026114086639 0.15246694566227678
0.061942505410708726 0.17410508075688774
0.0671674059383452 0.1957432158514987
0.07227164587274934 0.21738135094610966
0.07727501381398681 0.23901948604072065
0.08219264423306802 0.26065762113533164
0.08703641061919283 0.2822957562299426
0.09181583070095468 0.30393389132455356
0.09653867642047759 0.3255720264191645
0.10121139776049802 0.3472101615137755
0.10583942506984859 0.3688482966083865
0.11042738969487567 0.3904864317029974
0.11497928825387407 0.4121245667976084
0.11949860715194247 0.4337627018922193
0.12398841848694594 0.4554008369868303
0.1284514550078437 0.4770389720814413
0.1328901694958405 0.49867710717605224
0.13730678240176736 0.5203152422706633
0.14170332052142998 0.5419533773652742
0.14608164875833338 0.5635915124598851
0.15044349650507777 0.5852296475544961
0.15479047980288974 0.6068677826491071
0.15912412016846247 0.6285059177437181
0.16344586077855308 0.650144052838329
0.16775708055523716 0.67178218793294
0.1720591065842665 0.693420323027551
0.1763532252157896 0.715058458122162
0.1806406921338228 0.7366965932167729
0.18492274163335015 0.7583347283113838
0.18920059530823097 0.7799728634059948
0.19347547032664666 0.8016109985006058
0.19774858745179608 0.8232491335952168
0.20202117895265032 0.8448872686898278
0.20629449654192583 0.8665254037844387
0.210569819475461 0.8881635388790496
0.2148484629486009 0.9098016739736606
0.21913178693095337 0.9314398090682716
0.2234212055911529 0.9530779441628826
0.2277181974784751 0.9747160792574936
0.23202431664895495 0.9963542143521045
0.23634120495106276 1.0179923494467153
0.24067060572135002 1.0396304845413264
0.24501437918564387 1.0612686196359373
0.24937451991883153 1.0829067547305482
0.25375317678937703 1.1045448898251593
0.2581526759079375 1.1261830249197702
0.26257554721886717 1.1478211600143813
0.2670245555272746 1.1694592951089922
0.2715027369539989 1.191097430203603
0.2760134420721428 1.2127355652982141
0.28056038732377886 1.234373700392825
0.2851477167755502 1.2560118354874361
0.289780076892373 1.277649970582047
0.29446270785543044 1.2992881056766579
0.2992015561222268 1.320926240771269
0.3040034145708188 1.3425643758658798
0.3088760989154157 1.364202510960491
0.31382867248450985 1.3858406460551018
0.318871736491315 1.4074787811497127
0.3240178105488936 1.4291169162443238
0.3292818399995396 1.4507550513389347
0.3346818854607688 1.4723931864335458
0.3402400809622875 1.4940313215281567
0.34598399985905415 1.5156694566227675
0.3519486616189718 1.5373075917173786
0.35817958807033023 1.5589457268119895
0.36473766565506116 1.5805838619066006
0.37170731210618574 1.6022219970012115
0.3792111785456336 1.6238601320958224
0.3874391734983541 1.6454982671904335
0.3967136849759594 1.6671364022850443
0.4076683649928708 1.6887745373796554
0.4219515679311124 1.7104126724742663
0.45705430035803213 1.7320508075688772
0.4943129338670049 1.7104126724742663
0.5106940257862289 1.6887745373796552
0.5237017965138936 1.6671364022850443
0.5349868671265057 1.6454982671904332
0.5451846306593516 1.6238601320958224
0.5546190132197192 1.6022219970012115
0.563481332489775 1.5805838619066004
0.5718955473395021 1.5589457268119895
0.5799472959248779 1.5373075917173784
0.5876986068304904 1.5156694566227675
0.5951960724988246 1.4940313215281567
0.6024757170031129 1.4723931864335456
0.6095660570470928 1.4507550513389347
0.6164901129645601 1.4291169162443236
0.6232667784260921 1.4074787811497127
0.6299117820242055 1.3858406460551018
0.6364383799697126 1.3642025109604907
0.6428578663077785 1.3425643758658798
0.6491799560823824 1.3209262407712687
0.655413078040281 1.2992881056766579
0.661564601645184 1.277649970582047
0.6676410155479214 1.256011835487436
0.6736480696179803 1.234373700392825
0.6795908892363446 1.212735565298214
0.6854740682032362 1.191097430203603
0.6913017449688945 1.1694592951089922
0.6970776657229432 1.147821160014381
0.7028052370299899 1.12618302491977
0.708487570077768 1.104544889825159
0.714127518143226 1.0829067547305482
0.7197277085362515 1.0612686196359373
0.7252905700187433 1.0396304845413262
0.7308183564963762 1.0179923494467151
0.736313167625891 0.9963542143521043
0.7417769668607141 0.9747160792574934
0.7472115973638777 0.9530779441628824
0.752618796143538 0.9314398090682714
0.7580002067083351 0.9098016739736604
0.76335739049408 0.8881635388790494
0.7686918372772996 0.8665254037844385
0.7740049747631355 0.8448872686898276
0.779298177513621 0.8232491335952166
0.7845727753664437 0.8016109985006056
0.789830061483248 0.7799728634059946
0.7950713001599208 0.7583347283113836
0.8002977345289204 0.7366965932167727
0.8055105942855926 0.7150584581221617
0.8107111035768183 0.6934203230275506
0.815900489201783 0.6717821879329398
0.8210799892919749 0.6501440528383289
0.8262508626619525 0.6285059177437178
0.8314143990557166 0.6068677826491069
0.8365719305581344 0.5852296475544958
0.8417248445002226 0.5635915124598849
0.8468745982659934 0.541953377365274
0.8520227365137236 0.520315242270663
0.8571709114654853 0.49867710717605207
0.8623209071092729 0.47703897208144097
0.8674746684179511 0.4554008369868301
0.8726343370478444 0.4337627018922192
0.8778022954808695 0.4121245667976081
0.8829812222843362 0.39048643170299724
0.8881741621851982 0.36884829660838614
0.8933846161540873 0.34721016151377526
0.8986166589335624 0.3255720264191644
0.9038750948640477 0.3039338913245533
0.9091656682105053 0.2822957562299424
0.9144953527963119 0.2606576211353313
0.9198727600268853 0.23901948604072043
0.9253087289408888 0.21738135094610955
0.9308172059616676 0.19574321585149845
0.9364166049623087 0.17410508075688758
0.9421320039287533 0.15246694566227648
0.9479988900302371 0.1308288105676656
0.9540699996133333 0.10919067547305472
0.9604290020429883 0.08755254037844362
0.9672215923067551 0.06591440528383274
0.9747412734119497 0.044276270189221645
0.9837648574946023 0.022638135094610767
1.0 0.001

1 1